$ANSIBLE_VAULT;1.1;AES256
34326130343162653561363964326264356232336334656566323730666132333837666263663431
6165373638386561383631316261316634336230666332640a613634313666363564646166653235
61633731316566336635626233366164613834343862663533353835313634623064636266306235
6261386566386332380a326564343436616535663665366136313064333538346438306131356362
64386233666661336239393664363561643531636562666438383037383733306132343934336631
35616532623837626166326135633661346266656261316336653731373436656237643137353438
63366631316661303339346533393066323932653439303334303561303962643630383336333839
64333634656532623863653739303536326534333832623032346237633034393737616337363565
34373632616431366439373464313239633564353937306434656666366434303664656232373165
33633532343832396364303165656237376538616666326535336630363036323332643935386234
30356165623734313037353434363334333563393932343764303738623530653463626364626366
62363338373363323734373437303637343063616334353061323437373965376338616661376536
31646137343031303365313735653462376131323166383937613633663235343165336664646265
31643834623330613865626133383637643732646663326462646333353761366535653537663535
66613837653437613932346435326337643931363939363366626632306165393163636362303136
63383938306262363336633264653336633033316234613334313765656665623831366465336537
34323431633266303166613265373133613666336263656662336563356662396337633736653761
33613264656339643263366131386330623865366365376134366132383834383462376333313432
65646565623739653936323638343266393962363238363965303732356436356565383931623237
36633136633961626263666266376536303565646561363335306530663932643432633566373864
35323534663366313530663737633835353536363065313263326636626439326539303536663930
64336331613163613164373166643864613364303539366466373930383061303038303162356636
65643263313832343961646362303234343566343062616137383861396664313933383365663733
38353134346636323661386665366535376131393733653233373766636231383835303335383864
30633830656535623639366134393030616636383935353431356562376437633836333936303539
31363566346265643336373762326163373665313537346636653564666136626563373866643366
31643639396264616665383934326563646132346632653863656265663562643266393333623761
61623032646565656164366134383538316436303535653737316132343739373632353938633763
66353166336631376634353766313037356636636265393835386564656230653639323334643633
63616537306131303636353165393564363565663933666335323532653735326138643836653536
35363164343034393034383563643866373436666463646233313663646666623133356634363964
35383233313634326239353132626161663863633961633832643438383631336539303161346663
37303965336135633363343737373432666130363163353765393930393164306565393733653730
65366631373930333539316231303637646635636331353465616365646337633865386164393534
33646566396464326639383663356336313735636335313535386336363237303164663937636362
66316530326462653365376566613066383234333264653636393463626232666234383063373834
35613937613766666461396532383331353666363638316131616635393031363133363137396563
35303538303365633333663665616135353765333339356263646362636635653963376432636637
34643438623864376239383165666463656163343362613866386536363166653134333835663030
35383862373662336331326533643662666663396666313965396135633563353133346332323066
61313632343233626565663435666161643535393231613061353537313332336231643536323564
64366262633564663164626436303338383164626564303737303663626634303262626166303932
34383532306337656138663461636139613166643630343738663061336239343935336430636136
32643261373061346435376537353831363032653662316633623430363466656539303661626530
3261
